Type : 2
Width : 11
Height : 7
Percentage : 10
Door : 15
MonsterCount : 0
-1 -1 -1 -1 -1 -1 -1 -1 -1 -1 -1 
-1 -1 -1 -1 -1 -1 -1 -1 -1 -1 -1 
-1 -1 -1 -1 -1 29 29 -1 -1 -1 -1 
-1 -1 -1 -1 28 29 28 -1 -1 -1 -1 
-1 -1 -1 -1 29 27 29 -1 -1 -1 -1 
-1 -1 -1 -1 -1 -1 -1 -1 -1 -1 -1 
-1 -1 -1 -1 -1 -1 -1 -1 -1 -1 -1 

-1 -1 -1 -1 -1 -1 -1 -1 -1 -1 -1 
-1 -1 -1 -1 -1 -1 -1 -1 -1 -1 -1 
-1 -1 -1 -1 -1 -1 -1 -1 -1 -1 -1 
-1 -1 -1 -1 -1 -1 -1 -1 -1 -1 -1 
-1 -1 -1 -1 -1 -1 -1 -1 -1 -1 -1 
-1 -1 -1 -1 -1 -1 -1 -1 -1 -1 -1 
-1 -1 -1 -1 -1 -1 -1 -1 -1 -1 -1 

-1 -1 -1 -1 -1 -1 -1 -1 -1 -1 -1 
-1 3 -1 -1 -1 -1 -1 -1 -1 3 -1 
-1 -1 -1 -1 -1 -1 -1 -1 -1 -1 -1 
-1 -1 -1 -1 -1 -1 -1 -1 -1 -1 -1 
-1 -1 -1 -1 -1 -1 -1 -1 -1 -1 -1 
-1 3 -1 -1 -1 -1 -1 -1 -1 3 -1 
-1 -1 -1 -1 -1 -1 -1 -1 -1 -1 -1 
