Type : 2
Width : 11
Height : 7
Percentage : 10
Door : 15
MonsterCount : 0
-1 -1 -1 -1 -1 -1 -1 -1 -1 -1 -1 
-1 27 -1 -1 -1 -1 -1 -1 -1 27 -1 
-1 -1 -1 -1 -1 -1 -1 -1 -1 -1 -1 
-1 -1 -1 -1 -1 -1 -1 -1 -1 -1 -1 
-1 -1 -1 -1 -1 -1 -1 -1 -1 26 -1 
-1 27 -1 -1 -1 -1 -1 -1 -1 27 -1 
-1 -1 -1 -1 -1 -1 -1 -1 -1 -1 -1 

-1 -1 -1 -1 -1 -1 -1 -1 -1 -1 -1 
-1 0 -1 -1 -1 -1 -1 -1 -1 0 -1 
-1 -1 -1 -1 -1 -1 -1 -1 -1 -1 -1 
-1 -1 -1 -1 -1 -1 -1 -1 -1 -1 -1 
-1 -1 -1 -1 -1 -1 -1 -1 -1 0 -1 
-1 0 -1 -1 -1 -1 -1 -1 -1 0 -1 
-1 -1 -1 -1 -1 -1 -1 -1 -1 -1 -1 

-1 -1 -1 -1 -1 -1 -1 -1 -1 -1 -1 
-1 0 1 -1 -1 -1 -1 -1 1 0 -1 
-1 -1 -1 -1 -1 -1 -1 -1 -1 -1 -1 
-1 -1 -1 -1 -1 -1 -1 -1 -1 -1 -1 
-1 -1 -1 -1 -1 -1 -1 -1 -1 -1 -1 
-1 2 -1 -1 -1 -1 -1 -1 1 2 -1 
-1 -1 -1 -1 -1 -1 -1 -1 -1 -1 -1 
